0 0.108316 0.247499 0.109263 0.053978
0 0.296608 0.255067 0.091703 0.046917
0 0.464416 0.252293 0.103416 0.049436
0 0.643923 0.258850 0.083904 0.052464
0 0.860024 0.258345 0.082919 0.045398
0 0.875148 0.360500 0.078048 0.045908
0 0.698560 0.351922 0.093656 0.054988
0 0.538560 0.348389 0.091703 0.050950
0 0.334167 0.342590 0.098536 0.052464
0 0.135632 0.341079 0.101464 0.041366
1 0.191239 0.075985 0.062440 0.046912
1 0.375632 0.067912 0.046823 0.041870
1 0.534656 0.058580 0.062440 0.044394
1 0.683923 0.054545 0.070239 0.047417
1 0.697100 0.159975 0.080976 0.056497
1 0.520507 0.158716 0.080976 0.053978
1 0.334660 0.159473 0.078048 0.052464
1 0.132708 0.164010 0.080000 0.048427
2 0.158560 0.427086 0.065368 0.038842
2 0.374656 0.435158 0.064392 0.033800
2 0.568316 0.448023 0.067311 0.035314
2 0.741483 0.450797 0.080000 0.037833
2 0.908316 0.461390 0.070239 0.053973
2 0.928804 0.545383 0.085856 0.060534
2 0.718072 0.540844 0.107321 0.053474
2 0.526852 0.529998 0.087809 0.050950
2 0.360512 0.532014 0.114153 0.066086
2 0.150756 0.507296 0.080976 0.050950
