25 0.591672 0.353787 0.054004 0.059141
3 0.266272 0.236690 0.033149 0.078096
3 0.252571 0.054500 0.045302 0.069523
2 0.198315 0.860025 0.036745 0.048573
2 0.185730 0.652407 0.031712 0.044762
2 0.205866 0.436690 0.040340 0.057142
2 0.205146 0.238119 0.034590 0.050477
2 0.199393 0.059073 0.030274 0.048569
1 0.127482 0.855263 0.046093 0.067619
1 0.129638 0.647167 0.034590 0.060950
1 0.144741 0.433357 0.040343 0.069523
1 0.140066 0.234786 0.039623 0.060950
1 0.141505 0.047167 0.039626 0.062858
0 0.067795 0.840502 0.038905 0.062858
0 0.071390 0.643834 0.056162 0.063808
0 0.077145 0.426692 0.051849 0.065715
0 0.073189 0.230502 0.046813 0.063812
25 0.502502 0.150454 0.054007 0.067714
0 0.072111 0.042882 0.041781 0.046665
24 0.416926 0.970679 0.038185 0.058641
24 0.426635 0.759977 0.036030 0.067714
24 0.485603 0.554262 0.041781 0.077237
24 0.529110 0.357120 0.038185 0.067714
24 0.437745 0.152120 0.030203 0.068569
23 0.363712 0.965216 0.035307 0.059145
23 0.364431 0.764264 0.039626 0.080095
23 0.427355 0.546643 0.041781 0.067714
23 0.475534 0.343787 0.041781 0.065810
23 0.383452 0.154025 0.040989 0.072381
18 0.063517 0.948119 0.031640 0.059046
18 0.063481 0.736645 0.031712 0.055333
18 0.133598 0.541881 0.035302 0.084860
18 0.076785 0.126643 0.036748 0.088668
18 0.147977 0.333310 0.041063 0.071525
17 0.980847 0.894786 0.038305 0.074288
17 0.983985 0.698596 0.028765 0.070477
17 0.072506 0.532882 0.030923 0.074288
17 0.069270 0.328598 0.046022 0.067619
17 0.963059 0.065929 0.020855 0.069527
16 0.935086 0.887644 0.038831 0.080950
16 0.943715 0.690502 0.033078 0.067619
16 0.952705 0.456690 0.039551 0.053335
16 0.944075 0.266217 0.036673 0.087619
16 0.916678 0.060216 0.031640 0.046669
15 0.879678 0.897169 0.030274 0.084762
15 0.887948 0.700025 0.033873 0.080950
15 0.894061 0.459548 0.027396 0.081904
15 0.895499 0.264786 0.028837 0.080950
15 0.867058 0.071645 0.027325 0.077142
14 0.837611 0.885263 0.036748 0.068573
14 0.846245 0.684309 0.030986 0.051427
14 0.846240 0.451453 0.038185 0.075238
14 0.852711 0.253834 0.038185 0.070477
14 0.812441 0.068119 0.025241 0.055238
13 0.781159 0.893834 0.038905 0.078092
13 0.794464 0.685263 0.036748 0.059050
13 0.791586 0.451453 0.043938 0.086669
13 0.811722 0.259073 0.033870 0.073331
13 0.768575 0.065738 0.030995 0.050477
12 0.733697 0.893357 0.030274 0.065715
12 0.747721 0.681453 0.026679 0.064762
12 0.737652 0.444786 0.038185 0.086665
12 0.754911 0.252882 0.035310 0.068573
12 0.720755 0.066692 0.024521 0.060000
11 0.678685 0.884311 0.033873 0.059046
11 0.690552 0.677167 0.028837 0.071427
11 0.691270 0.453834 0.027399 0.070477
11 0.704934 0.253834 0.034590 0.083808
11 0.673651 0.062882 0.030995 0.065712
10 0.624393 0.882407 0.031712 0.080000
10 0.638415 0.674786 0.049691 0.097142
10 0.636616 0.450502 0.033152 0.088573
10 0.645965 0.243357 0.043218 0.089523
10 0.622954 0.065263 0.041781 0.068573
9 0.573334 0.876215 0.041781 0.109523
9 0.584840 0.659073 0.041781 0.094285
9 0.591672 0.437642 0.052569 0.080000
9 0.586998 0.245263 0.037465 0.114288
9 0.570817 0.070502 0.039623 0.082858
8 0.524075 0.871928 0.033873 0.072381
8 0.526951 0.672882 0.039623 0.076188
8 0.543851 0.449550 0.038905 0.069523
8 0.547805 0.235740 0.039623 0.057142
8 0.514367 0.062882 0.040343 0.071427
7 0.477692 0.870500 0.033149 0.065715
7 0.471939 0.657644 0.028834 0.068573
7 0.497828 0.445263 0.031712 0.057142
7 0.484883 0.238596 0.025959 0.066669
22 0.301509 0.961406 0.044658 0.057241
22 0.309777 0.767597 0.051129 0.086760
22 0.368387 0.548073 0.056162 0.068668
22 0.404343 0.342358 0.060477 0.057237
22 0.321608 0.154977 0.043867 0.053331
21 0.243620 0.958548 0.038185 0.042002
21 0.253687 0.745216 0.039623 0.072475
21 0.311936 0.531406 0.038185 0.071525
21 0.336026 0.332358 0.044656 0.063906
21 0.257284 0.145216 0.033870 0.053429
20 0.182495 0.951406 0.036748 0.050572
20 0.200113 0.746643 0.061918 0.092475
20 0.257642 0.532835 0.043218 0.072475
20 0.273104 0.341406 0.036748 0.061048
20 0.197921 0.144500 0.033795 0.087615
19 0.127123 0.954739 0.033870 0.059145
19 0.134673 0.749025 0.044658 0.061048
19 0.199034 0.530929 0.055444 0.099141
19 0.206226 0.330929 0.035310 0.059141
19 0.134278 0.139264 0.041709 0.058096
3 0.267711 0.441930 0.040343 0.065715
3 0.248294 0.651453 0.046093 0.061908
3 0.258361 0.869550 0.046096 0.065715
4 0.304744 0.061453 0.042498 0.060954
4 0.318407 0.246692 0.045376 0.075238
4 0.325599 0.441453 0.033873 0.080000
4 0.297914 0.659548 0.028837 0.076188
4 0.319846 0.867167 0.032432 0.076188
5 0.360080 0.061643 0.041709 0.059046
5 0.375937 0.238121 0.035310 0.061904
5 0.386365 0.446215 0.040343 0.080000
5 0.357599 0.664309 0.046093 0.062858
5 0.376656 0.870977 0.036748 0.060954
6 0.418005 0.065740 0.044658 0.046665
6 0.431669 0.236692 0.033152 0.060954
6 0.438860 0.447169 0.038903 0.055238
6 0.426276 0.655263 0.048254 0.065712
6 0.429870 0.870025 0.026679 0.068573
7 0.468344 0.055738 0.030274 0.070477
25 0.480209 0.974262 0.048254 0.048668
25 0.489917 0.763310 0.054724 0.070572
25 0.539177 0.548073 0.061195 0.093429
