37 0.262084 0.579708 0.050127 0.093715
26 0.965521 0.032615 0.038045 0.065231
26 0.962320 0.307481 0.031620 0.100571
26 0.972731 0.564049 0.027762 0.085714
26 0.976972 0.834337 0.025450 0.109715
27 0.908684 0.060277 0.043266 0.051427
27 0.911769 0.330567 0.047890 0.070856
27 0.916780 0.575709 0.047119 0.060571
27 0.938374 0.848852 0.050204 0.076570
40 0.839238 0.061423 0.055524 0.060571
40 0.837350 0.340850 0.065629 0.082288
40 0.849688 0.572280 0.057915 0.060571
40 0.875137 0.835136 0.057918 0.058283
28 0.767595 0.067708 0.061694 0.070856
28 0.756799 0.324280 0.060153 0.085714
28 0.772224 0.569421 0.053983 0.089144
28 0.803069 0.837993 0.063238 0.086860
29 0.708984 0.083138 0.037017 0.085714
29 0.698535 0.340850 0.034782 0.098283
29 0.703548 0.568279 0.047890 0.100571
29 0.744460 0.833421 0.038558 0.068573
30 0.649218 0.088279 0.040873 0.091427
30 0.631096 0.349423 0.046272 0.085714
30 0.644977 0.568852 0.038561 0.074286
30 0.677367 0.829994 0.046269 0.070861
31 0.590146 0.078566 0.032388 0.104001
31 0.572871 0.340852 0.033159 0.121142
31 0.581354 0.564280 0.042414 0.076570
31 0.619914 0.825416 0.042416 0.082275
32 0.545418 0.081994 0.037017 0.060571
32 0.523901 0.333421 0.035473 0.081142
32 0.530069 0.568850 0.037017 0.060571
32 0.567858 0.832280 0.027762 0.063997
33 0.497680 0.068279 0.033932 0.049144
33 0.474931 0.325993 0.023907 0.095999
33 0.486497 0.571136 0.023907 0.083430
33 0.528528 0.820281 0.030847 0.069715
34 0.431744 0.075136 0.039329 0.069710
34 0.425575 0.357422 0.040873 0.103997
34 0.440999 0.589994 0.037788 0.066285
34 0.485728 0.831138 0.034703 0.070856
35 0.378146 0.068852 0.029306 0.057141
35 0.375833 0.336849 0.049354 0.104001
35 0.386629 0.583136 0.046272 0.068573
35 0.437528 0.811707 0.049357 0.093715
36 0.298252 0.073424 0.048584 0.066285
36 0.312210 0.325995 0.054754 0.068573
36 0.326863 0.587137 0.045499 0.060571
36 0.372749 0.823707 0.057068 0.078858
37 0.230079 0.052851 0.058612 0.086860
37 0.234707 0.318566 0.063238 0.083430
37 0.285990 0.799708 0.059380 0.076570
38 0.145635 0.075136 0.065552 0.081146
38 0.148334 0.327708 0.046272 0.053711
38 0.180722 0.584280 0.060153 0.114286
38 0.198846 0.798564 0.065550 0.101713
39 0.064273 0.073421 0.055527 0.073140
39 0.066588 0.328852 0.063238 0.106285
39 0.079698 0.601994 0.055527 0.099429
39 0.098592 0.813995 0.068635 0.107427
40 0.954993 0.165422 0.077119 0.104001
40 0.965405 0.424280 0.053212 0.093715
40 0.970031 0.680279 0.048584 0.070861
40 0.969646 0.959135 0.041643 0.070856
41 0.892914 0.167137 0.039329 0.089144
41 0.909493 0.440279 0.046272 0.091432
41 0.906408 0.687137 0.046272 0.068573
41 0.906795 0.944280 0.053210 0.084572
42 0.819265 0.175707 0.030847 0.106285
42 0.843942 0.445422 0.029306 0.101717
42 0.847027 0.695136 0.043187 0.093715
42 0.843558 0.952139 0.039331 0.095722
43 0.759807 0.180850 0.027762 0.107427
43 0.782248 0.455136 0.047816 0.112003
43 0.795358 0.689994 0.046269 0.104001
43 0.796861 0.952851 0.043263 0.085718
44 0.696646 0.178564 0.060153 0.082284
44 0.720554 0.448281 0.049357 0.066285
44 0.737133 0.688850 0.054754 0.081142
44 0.735592 0.950565 0.054754 0.076570
45 0.632252 0.199137 0.040873 0.073144
45 0.649989 0.456849 0.053212 0.065143
45 0.665799 0.685995 0.057065 0.068573
45 0.664256 0.940279 0.049357 0.078854
46 0.570943 0.194565 0.046272 0.068568
46 0.574028 0.453995 0.046272 0.073144
46 0.601020 0.680279 0.047813 0.093715
46 0.609501 0.939137 0.033932 0.074286
47 0.511176 0.190565 0.034703 0.076570
47 0.501922 0.469423 0.050127 0.106285
47 0.540480 0.697422 0.030076 0.093711
48 0.454108 0.192851 0.039331 0.076574
48 0.456384 0.469994 0.023986 0.066285
48 0.493054 0.698564 0.032391 0.091427
48 0.516959 0.932851 0.023136 0.091427
47 0.558990 0.943136 0.037788 0.089144
49 0.402401 0.193992 0.040949 0.069715
49 0.405871 0.459137 0.050977 0.058283
49 0.446010 0.694563 0.037017 0.049144
49 0.462207 0.938566 0.033932 0.073144
50 0.349612 0.199708 0.033932 0.072003
50 0.346527 0.445424 0.033932 0.099429
50 0.394341 0.692851 0.016966 0.041142
50 0.408222 0.923136 0.030847 0.088002
51 0.291441 0.198566 0.035346 0.067620
51 0.290797 0.451421 0.028921 0.102859
51 0.339317 0.699994 0.034703 0.074286
51 0.356670 0.923804 0.041130 0.091427
52 0.233922 0.208090 0.077119 0.088573
52 0.221711 0.463804 0.078402 0.110479
52 0.267340 0.703327 0.075836 0.084765
52 0.279228 0.921423 0.072620 0.101906
