2 0.205052 0.440446 0.035564 0.068571
2 0.189674 0.639494 0.034775 0.045714
2 0.201898 0.828065 0.038719 0.059048
3 0.246454 0.079967 0.036353 0.048571
3 0.263803 0.247113 0.033198 0.057143
3 0.269324 0.440446 0.036353 0.059048
3 0.248820 0.637589 0.034775 0.051429
3 0.263803 0.822827 0.033198 0.061905
4 0.302840 0.077110 0.032410 0.050476
4 0.322160 0.247589 0.048970 0.058095
4 0.322160 0.441399 0.037930 0.083810
4 0.304417 0.634732 0.038719 0.053333
4 0.329258 0.828542 0.042662 0.071429
5 0.360408 0.079015 0.048182 0.063810
5 0.377363 0.245208 0.034775 0.057143
5 0.385249 0.439018 0.044239 0.065714
5 0.360408 0.644732 0.043450 0.058095
17 0.069410 0.528542 0.033990 0.073333
17 0.984823 0.073300 0.030353 0.048571
17 0.067043 0.332827 0.041873 0.066667
18 0.068621 0.904256 0.045030 0.068571
18 0.069411 0.712351 0.057645 0.054286
18 0.136049 0.530923 0.030044 0.060952
18 0.138415 0.335208 0.045816 0.071429
18 0.065073 0.152351 0.031624 0.061905
16 0.955413 0.861399 0.033198 0.059048
16 0.968426 0.678542 0.032410 0.078095
16 0.975523 0.444732 0.041873 0.067619
16 0.970791 0.264256 0.032410 0.072381
16 0.939759 0.070635 0.041008 0.052381
15 0.897451 0.861875 0.038719 0.069524
15 0.908097 0.667589 0.033198 0.065714
15 0.914012 0.448065 0.022946 0.062857
15 0.916377 0.259018 0.032410 0.065714
15 0.890748 0.072348 0.047393 0.048571
14 0.854866 0.854256 0.041873 0.061905
14 0.865906 0.663780 0.022946 0.058095
14 0.866695 0.449018 0.035564 0.080000
14 0.873004 0.260923 0.037141 0.067619
14 0.835939 0.074253 0.040296 0.042857
13 0.801635 0.853304 0.031621 0.058095
13 0.810704 0.664254 0.035564 0.057146
13 0.811887 0.449018 0.030044 0.066667
13 0.825687 0.259970 0.037141 0.061905
13 0.784680 0.075205 0.035564 0.061905
12 0.744461 0.853780 0.032410 0.074286
12 0.757078 0.661399 0.038719 0.060952
12 0.751558 0.445208 0.035564 0.074286
12 0.768907 0.253304 0.035564 0.065714
12 0.733814 0.082348 0.025312 0.059048
11 0.692807 0.849970 0.030044 0.057143
11 0.702270 0.657113 0.031621 0.061905
11 0.700693 0.447113 0.028467 0.074286
11 0.716465 0.258065 0.034775 0.056190
11 0.684526 0.073776 0.024524 0.051429
10 0.637604 0.846161 0.047393 0.085714
10 0.653771 0.655685 0.037141 0.060952
10 0.649433 0.438542 0.033198 0.059048
10 0.658108 0.249018 0.047393 0.081905
10 0.637210 0.079967 0.043450 0.069524
9 0.583979 0.839494 0.037930 0.087619
9 0.600145 0.640446 0.038719 0.083810
9 0.597779 0.445208 0.033987 0.062857
9 0.598962 0.249970 0.044239 0.070476
9 0.575698 0.080445 0.038719 0.085718
5 0.380518 0.839494 0.031621 0.070476
6 0.417976 0.081872 0.045027 0.048571
6 0.430200 0.249018 0.034775 0.060952
6 0.442423 0.436161 0.038719 0.071429
6 0.423497 0.637113 0.045027 0.063810
6 0.439269 0.841875 0.038719 0.061905
7 0.469630 0.078062 0.034775 0.071429
7 0.489740 0.248542 0.040296 0.065714
7 0.504723 0.439494 0.030832 0.055238
7 0.478305 0.636637 0.031621 0.059048
7 0.488951 0.841875 0.041873 0.060000
8 0.523256 0.078062 0.036353 0.060000
8 0.550068 0.250446 0.028467 0.044762
8 0.550463 0.448065 0.033987 0.059048
8 0.530353 0.643780 0.037930 0.065714
8 0.533508 0.834732 0.028467 0.087619
25 0.488163 0.924732 0.060800 0.050476
25 0.500780 0.745208 0.040296 0.051429
25 0.545335 0.533780 0.025315 0.057143
25 0.595019 0.359970 0.058434 0.060000
25 0.503935 0.169494 0.048182 0.063810
24 0.425863 0.931875 0.038719 0.078095
24 0.430594 0.740446 0.040296 0.072381
24 0.484220 0.529018 0.041873 0.068571
24 0.531536 0.354256 0.041873 0.065714
24 0.443606 0.168542 0.037930 0.061905
23 0.370660 0.923780 0.040296 0.061905
23 0.374603 0.732827 0.046605 0.072381
23 0.435720 0.529494 0.044239 0.050476
23 0.480277 0.349494 0.038719 0.063810
23 0.382489 0.164732 0.032410 0.048571
22 0.303234 0.917589 0.056857 0.053333
22 0.304022 0.734732 0.050548 0.076190
22 0.369871 0.534256 0.038719 0.065714
22 0.321372 0.159970 0.044239 0.044762
22 0.406542 0.353304 0.048970 0.042857
21 0.243694 0.916161 0.038719 0.046667
21 0.254340 0.720923 0.048970 0.069524
21 0.309148 0.527589 0.043450 0.065714
21 0.336750 0.339494 0.041873 0.057143
21 0.258795 0.161587 0.032333 0.049524
20 0.190463 0.910446 0.042662 0.050476
20 0.197166 0.722351 0.049759 0.072381
20 0.256312 0.531399 0.033987 0.067619
20 0.268535 0.348542 0.050548 0.073333
20 0.194012 0.153304 0.041873 0.050476
19 0.130134 0.914732 0.043450 0.051429
19 0.136049 0.717113 0.052125 0.058095
19 0.190463 0.524732 0.048970 0.069524
19 0.201503 0.336161 0.030044 0.052381
19 0.136443 0.159018 0.038719 0.042857
0 0.066650 0.071872 0.052128 0.045714
0 0.069410 0.241399 0.046607 0.076190
0 0.074536 0.429970 0.047396 0.072381
0 0.070593 0.627589 0.045819 0.065714
0 0.066650 0.810923 0.052128 0.055238
1 0.136443 0.075681 0.035564 0.057143
1 0.136443 0.250446 0.035564 0.060000
1 0.145906 0.437589 0.033987 0.074286
1 0.133683 0.629970 0.039507 0.057143
1 0.133683 0.821875 0.044239 0.067619
2 0.196889 0.080635 0.037853 0.055238
2 0.201898 0.249018 0.035564 0.057143
