26 0.978957 0.471856 0.034351 0.084761
52 0.225155 0.803762 0.069561 0.073331
52 0.265750 0.604714 0.068000 0.065713
52 0.254820 0.400428 0.071119 0.076191
52 0.236904 0.178620 0.078851 0.080000
51 0.293504 0.802810 0.035915 0.069522
51 0.334881 0.608523 0.043717 0.052382
51 0.319267 0.404238 0.040595 0.066665
51 0.307791 0.174524 0.042156 0.070478
50 0.345811 0.803762 0.032789 0.061904
50 0.387579 0.595286 0.022639 0.044765
50 0.372355 0.397190 0.045281 0.046669
50 0.362206 0.180047 0.029667 0.063809
49 0.402538 0.797458 0.047779 0.063999
49 0.437669 0.594030 0.058082 0.063999
49 0.422679 0.388884 0.039349 0.058286
49 0.407689 0.185456 0.056209 0.067427
48 0.465305 0.189457 0.029043 0.070859
48 0.470458 0.384314 0.026230 0.056001
48 0.491538 0.583742 0.030916 0.068570
48 0.455346 0.798687 0.050904 0.072623
47 0.516362 0.802028 0.039346 0.070855
47 0.543530 0.581457 0.043096 0.068570
47 0.529947 0.387743 0.025296 0.083428
47 0.518704 0.173457 0.034663 0.066288
46 0.574915 0.807172 0.049652 0.078857
46 0.604894 0.587743 0.042159 0.076572
46 0.596462 0.377458 0.045903 0.053715
46 0.573978 0.174028 0.053399 0.069716
45 0.638620 0.796315 0.047779 0.066285
45 0.666258 0.584315 0.058082 0.083428
45 0.662510 0.362600 0.033726 0.056001
45 0.639557 0.173457 0.045906 0.068573
44 0.702794 0.799172 0.054336 0.060571
44 0.739330 0.573457 0.052462 0.066288
44 0.726215 0.374030 0.058085 0.058286
44 0.707947 0.163742 0.064642 0.060571
43 0.769778 0.797456 0.049652 0.082285
43 0.798352 0.567743 0.037476 0.093712
43 0.793199 0.366601 0.027169 0.080000
43 0.775867 0.166028 0.044966 0.101714
42 0.832546 0.798027 0.040286 0.083428
42 0.851283 0.574028 0.051526 0.078857
42 0.848004 0.368886 0.037476 0.077715
42 0.834607 0.165573 0.036536 0.078857
41 0.903278 0.783171 0.041219 0.058286
41 0.921546 0.571743 0.030916 0.081143
41 0.908898 0.363171 0.039346 0.075426
41 0.892973 0.143742 0.044969 0.052573
40 0.975060 0.790027 0.049879 0.060571
40 0.973542 0.565456 0.050589 0.068570
40 0.972249 0.366029 0.055502 0.085713
40 0.957614 0.137458 0.059959 0.071998
39 0.054969 0.916885 0.068389 0.083428
39 0.052159 0.692314 0.074009 0.066288
39 0.039898 0.503173 0.079797 0.083428
39 0.054032 0.306601 0.062769 0.085713
39 0.042789 0.065456 0.060895 0.065142
38 0.143032 0.900314 0.051526 0.089145
38 0.141627 0.687170 0.074948 0.058286
38 0.127574 0.490029 0.058082 0.086856
38 0.149591 0.294028 0.060895 0.067431
38 0.121485 0.064314 0.059022 0.060571
37 0.233437 0.915172 0.056212 0.096001
37 0.228284 0.682600 0.068392 0.074283
37 0.220789 0.488886 0.070262 0.093712
37 0.230158 0.303742 0.072138 0.093715
37 0.209080 0.058029 0.076822 0.093715
36 0.314943 0.909457 0.056212 0.064003
36 0.304168 0.702600 0.060895 0.070855
36 0.296205 0.487170 0.048716 0.056001
36 0.308384 0.302600 0.059956 0.059429
36 0.292177 0.073002 0.057149 0.060571
35 0.376305 0.909456 0.053399 0.066285
35 0.383331 0.687170 0.037473 0.094858
35 0.356632 0.490600 0.055272 0.083428
35 0.369747 0.302600 0.062769 0.093715
35 0.364127 0.075171 0.060895 0.070859
34 0.422679 0.924887 0.037476 0.078857
34 0.444227 0.708315 0.039346 0.070859
34 0.425021 0.506601 0.045906 0.078857
34 0.434857 0.299172 0.033726 0.057143
34 0.425490 0.089456 0.031853 0.062857
33 0.477016 0.918029 0.039346 0.058286
33 0.500436 0.695744 0.037473 0.068570
33 0.472331 0.500886 0.039349 0.069713
33 0.478890 0.290029 0.026233 0.080000
33 0.475797 0.074143 0.038409 0.078857
32 0.523859 0.929457 0.033726 0.044571
32 0.543532 0.703171 0.035599 0.051430
32 0.518704 0.495171 0.027169 0.040000
32 0.515426 0.299741 0.024359 0.040000
32 0.513084 0.070600 0.021549 0.045713
31 0.576788 0.923171 0.044032 0.098286
31 0.595057 0.703171 0.052465 0.097143
31 0.571636 0.489457 0.041222 0.076572
31 0.567421 0.299172 0.042159 0.100571
31 0.567421 0.064314 0.042159 0.094858
30 0.646115 0.924314 0.044029 0.066285
30 0.658763 0.704885 0.043093 0.066285
30 0.631595 0.499172 0.048716 0.066285
30 0.627378 0.292314 0.040283 0.073144
30 0.625035 0.058599 0.043096 0.078857
29 0.704667 0.924315 0.054336 0.086856
29 0.696705 0.486028 0.049652 0.062857
29 0.687337 0.299170 0.030916 0.075429
29 0.687336 0.062030 0.047779 0.078857
28 0.775399 0.913458 0.045903 0.065142
28 0.784767 0.696315 0.060892 0.062857
28 0.769309 0.485456 0.058082 0.054858
28 0.756663 0.291743 0.059022 0.055997
28 0.754321 0.052316 0.061832 0.059429
40 0.847068 0.921459 0.050589 0.081143
40 0.852219 0.700314 0.047779 0.045717
40 0.846131 0.486028 0.056209 0.058286
40 0.837231 0.291171 0.062769 0.054854
40 0.826457 0.055172 0.061832 0.065142
29 0.720127 0.703171 0.030916 0.051430
27 0.914520 0.934028 0.054336 0.049141
27 0.916393 0.703742 0.044969 0.050287
27 0.915926 0.494601 0.066515 0.063999
27 0.913115 0.279743 0.057146 0.050287
27 0.908898 0.058029 0.054339 0.052573
26 0.975054 0.912332 0.029667 0.080000
26 0.972323 0.688999 0.041376 0.079048
26 0.973884 0.262334 0.035131 0.071430
26 0.973021 0.031764 0.050901 0.063529
