31 0.561556 0.067202 0.027712 0.086859
31 0.575374 0.299203 0.039555 0.084571
31 0.617218 0.540345 0.031661 0.093714
31 0.601823 0.794061 0.041924 0.098285
32 0.508856 0.081717 0.030003 0.059427
32 0.524843 0.306631 0.033239 0.051430
32 0.561950 0.553488 0.026923 0.060569
32 0.554845 0.794632 0.044294 0.051430
33 0.464049 0.073488 0.031658 0.083430
33 0.478261 0.296916 0.030084 0.093714
33 0.520105 0.546631 0.031658 0.060573
33 0.505894 0.767202 0.028500 0.060569
34 0.412730 0.081487 0.039555 0.062857
34 0.434837 0.329488 0.034817 0.069716
34 0.477866 0.546631 0.040344 0.051430
27 0.923951 0.811717 0.057715 0.081259
27 0.933821 0.568858 0.047452 0.066399
27 0.907372 0.303716 0.052976 0.066403
27 0.901056 0.067143 0.057715 0.073258
26 0.972902 0.789201 0.030873 0.093827
26 0.974877 0.552631 0.033239 0.089260
26 0.962244 0.276058 0.036397 0.089256
26 0.958889 0.041144 0.033161 0.081142
50 0.394965 0.636918 0.038766 0.067428
50 0.384702 0.433488 0.038766 0.053718
50 0.333776 0.188917 0.034817 0.056002
49 0.416283 0.912344 0.038766 0.055997
49 0.458128 0.648346 0.038763 0.081142
49 0.435626 0.428346 0.031661 0.064003
49 0.394965 0.192917 0.056137 0.077712
48 0.472735 0.912346 0.028503 0.085713
48 0.498394 0.658059 0.034031 0.075425
48 0.479840 0.432917 0.031658 0.068570
48 0.443915 0.190061 0.022976 0.035429
47 0.523658 0.908917 0.030870 0.108574
47 0.546162 0.660916 0.047452 0.076570
47 0.529975 0.422060 0.037189 0.081142
47 0.494447 0.194059 0.035608 0.091430
46 0.579715 0.908917 0.059292 0.081146
46 0.593928 0.662631 0.038766 0.066282
46 0.601033 0.418630 0.038766 0.078858
34 0.455760 0.782060 0.038766 0.078858
35 0.360620 0.071773 0.047452 0.068574
35 0.381543 0.312917 0.043502 0.064003
35 0.428521 0.552344 0.050610 0.078858
35 0.409571 0.770059 0.047452 0.073141
36 0.294695 0.074061 0.060873 0.061715
36 0.320750 0.310632 0.051398 0.091426
36 0.364174 0.548917 0.056137 0.072003
36 0.340487 0.769488 0.082979 0.076575
37 0.229952 0.063202 0.057715 0.078858
37 0.254824 0.310629 0.049029 0.093714
37 0.278115 0.535201 0.059292 0.081142
37 0.253245 0.743204 0.052187 0.085713
38 0.142512 0.074287 0.056848 0.074287
38 0.169554 0.324345 0.060084 0.098285
38 0.183370 0.543202 0.087717 0.106286
38 0.175870 0.753488 0.061661 0.078854
39 0.062966 0.082060 0.061661 0.073145
39 0.068493 0.332344 0.072716 0.082288
39 0.088626 0.524916 0.064031 0.060573
39 0.070467 0.764916 0.082979 0.133714
45 0.655904 0.662631 0.053768 0.070857
45 0.649590 0.903204 0.050610 0.092572
50 0.359831 0.916347 0.042713 0.075429
46 0.565504 0.194061 0.060873 0.070857
40 0.828812 0.067773 0.045871 0.060573
40 0.846973 0.297488 0.047452 0.078858
40 0.860394 0.562631 0.063239 0.060569
40 0.853290 0.798632 0.066400 0.070857
28 0.747293 0.069718 0.061583 0.088001
28 0.764861 0.292917 0.058506 0.078858
28 0.793285 0.539774 0.050610 0.078854
28 0.786968 0.780918 0.055345 0.062857
29 0.672881 0.069488 0.059295 0.095997
29 0.700909 0.292917 0.047452 0.081142
29 0.729727 0.555201 0.056137 0.075429
29 0.722226 0.798059 0.045874 0.083430
30 0.624324 0.072915 0.036397 0.070857
30 0.630246 0.302060 0.056134 0.085717
30 0.664591 0.538630 0.044294 0.081142
45 0.661433 0.420345 0.044294 0.089147
51 0.280221 0.187146 0.034871 0.076190
51 0.330881 0.432382 0.045397 0.050477
51 0.351279 0.638097 0.033554 0.065713
51 0.305254 0.905717 0.055992 0.067620
52 0.209853 0.188574 0.070465 0.071426
52 0.261797 0.433812 0.059873 0.100949
52 0.276930 0.646669 0.075663 0.090477
52 0.222322 0.904287 0.071716 0.093333
40 0.953164 0.153488 0.043502 0.076570
40 0.961851 0.402631 0.051398 0.076570
40 0.962245 0.668917 0.050610 0.092572
40 0.973298 0.911773 0.047452 0.068574
41 0.895529 0.168915 0.043505 0.075429
41 0.900662 0.400345 0.050610 0.101711
41 0.900660 0.674059 0.044291 0.086855
41 0.905399 0.903202 0.049029 0.090284
42 0.835919 0.174059 0.044291 0.074283
42 0.843024 0.410059 0.030081 0.077716
42 0.842629 0.674059 0.037186 0.109716
42 0.845787 0.912346 0.041924 0.103998
43 0.776309 0.178059 0.043505 0.105144
43 0.794074 0.419203 0.044294 0.118858
43 0.785389 0.667202 0.047449 0.116570
43 0.790520 0.911200 0.037186 0.110857
30 0.659853 0.799203 0.045871 0.078858
44 0.712358 0.178059 0.049818 0.070857
44 0.726963 0.420916 0.058503 0.083430
44 0.729727 0.666058 0.064031 0.066286
44 0.719858 0.914630 0.045871 0.085713
45 0.639127 0.196575 0.055267 0.074287
