20 0.190500 0.940948 0.042125 0.075238
21 0.294952 0.221425 0.034389 0.057143
21 0.267441 0.398091 0.048141 0.058098
21 0.341374 0.578093 0.051581 0.067619
21 0.319022 0.759044 0.048141 0.082857
21 0.255837 0.943329 0.040405 0.076189
22 0.453990 0.055710 0.072213 0.053336
22 0.361147 0.238091 0.051581 0.069524
22 0.331487 0.410948 0.042122 0.055238
22 0.415305 0.583804 0.053301 0.050476
22 0.380059 0.759519 0.048141 0.072381
22 0.319022 0.950474 0.060178 0.067619
23 0.528783 0.061425 0.037826 0.062857
23 0.429061 0.235234 0.030946 0.054287
23 0.389946 0.409997 0.043845 0.060951
23 0.482790 0.583331 0.054160 0.066668
23 0.447113 0.757138 0.036106 0.048570
23 0.382208 0.956663 0.036968 0.076192
24 0.585952 0.062378 0.045562 0.064762
24 0.488380 0.243282 0.030949 0.059143
24 0.452272 0.409521 0.037826 0.065713
24 0.548986 0.590472 0.042125 0.071427
24 0.497834 0.760949 0.034386 0.061906
24 0.438517 0.959997 0.046424 0.069524
25 0.651288 0.066187 0.050719 0.060954
25 0.551994 0.252378 0.051581 0.069524
25 0.518467 0.409997 0.049861 0.059049
25 0.613891 0.594283 0.053301 0.060000
25 0.561882 0.764759 0.043842 0.065713
25 0.515029 0.954759 0.065336 0.060951
18 0.060260 0.934759 0.037823 0.055238
18 0.132902 0.756663 0.045562 0.059046
18 0.139350 0.567138 0.029226 0.053332
18 0.065419 0.391425 0.048141 0.061906
18 0.117858 0.226187 0.037826 0.057143
18 0.184483 0.051901 0.043845 0.062857
16 0.067137 0.049997 0.053301 0.080000
17 0.062409 0.745234 0.043845 0.053336
17 0.063268 0.565710 0.045562 0.063811
17 0.120866 0.040472 0.042125 0.053336
17 0.059572 0.216472 0.042984 0.051430
16 0.988337 0.895710 0.023325 0.055238
16 0.986188 0.502853 0.027624 0.048573
16 0.962060 0.327616 0.044701 0.073336
16 0.973665 0.187616 0.043842 0.061902
15 0.936271 0.891901 0.034386 0.074283
15 0.939279 0.672378 0.031811 0.084762
15 0.943148 0.502376 0.024072 0.057143
15 0.910479 0.327140 0.029229 0.059049
15 0.923804 0.176186 0.028371 0.044762
14 0.888127 0.889044 0.034386 0.055241
14 0.888987 0.675710 0.036106 0.051427
14 0.901883 0.505234 0.034389 0.060951
14 0.858040 0.328091 0.030946 0.055238
14 0.872225 0.179518 0.031808 0.041902
13 0.833109 0.877614 0.027512 0.057143
13 0.832249 0.677614 0.032666 0.062857
13 0.849873 0.502376 0.040405 0.053332
13 0.806028 0.329521 0.040405 0.050476
13 0.821933 0.174757 0.027512 0.057143
12 0.782388 0.882853 0.032666 0.048573
12 0.773791 0.677138 0.041264 0.061906
12 0.791410 0.500949 0.042131 0.067619
12 0.757887 0.326663 0.031808 0.061906
12 0.772502 0.177616 0.045565 0.083811
11 0.725219 0.870949 0.036968 0.078094
11 0.727369 0.678568 0.029229 0.057143
11 0.737686 0.498091 0.037826 0.073336
11 0.702867 0.331425 0.043842 0.048570
11 0.708026 0.176663 0.047279 0.060954
10 0.671920 0.870948 0.042122 0.074287
10 0.671920 0.679044 0.042122 0.067619
10 0.677508 0.501425 0.049864 0.070479
10 0.648278 0.319995 0.044701 0.067619
10 0.635813 0.169997 0.045562 0.066664
9 0.607015 0.880472 0.065336 0.097140
9 0.615181 0.669519 0.042122 0.073332
9 0.611741 0.494278 0.040405 0.069534
9 0.588960 0.323329 0.039547 0.076189
9 0.575378 0.160281 0.048144 0.076189
8 0.548557 0.871425 0.032669 0.046668
8 0.567039 0.678567 0.035245 0.059049
8 0.564031 0.494757 0.051581 0.062857
8 0.540390 0.325234 0.035248 0.059049
8 0.518900 0.156671 0.040399 0.059062
7 0.494395 0.865234 0.036106 0.055238
7 0.517178 0.673806 0.043842 0.057143
7 0.506002 0.491425 0.031811 0.061906
7 0.485800 0.322376 0.030946 0.053332
7 0.461728 0.153804 0.034386 0.055238
6 0.434219 0.866187 0.046424 0.072381
6 0.454852 0.672376 0.053301 0.058094
6 0.441097 0.489995 0.036106 0.057143
6 0.431211 0.330948 0.036968 0.059049
6 0.412297 0.155710 0.031808 0.036189
5 0.366304 0.868091 0.053298 0.066664
5 0.396394 0.676663 0.046421 0.074283
5 0.392524 0.489044 0.045562 0.055241
5 0.370603 0.326663 0.051581 0.058094
5 0.360716 0.153329 0.040405 0.056189
4 0.304409 0.856663 0.037826 0.055241
4 0.326329 0.672853 0.047282 0.070476
4 0.328909 0.494282 0.049002 0.067619
4 0.312145 0.324759 0.037826 0.050476
4 0.306729 0.154091 0.040405 0.052381
3 0.248529 0.859521 0.039544 0.055238
3 0.275178 0.668093 0.039547 0.057143
3 0.273889 0.488093 0.042125 0.057143
3 0.252397 0.320949 0.031808 0.058094
3 0.248528 0.144759 0.036106 0.050476
2 0.186632 0.857133 0.034389 0.048560
2 0.207264 0.666663 0.041264 0.052381
2 0.205546 0.487616 0.037826 0.046664
2 0.193080 0.325234 0.040405 0.051427
2 0.182334 0.152378 0.041264 0.044762
1 0.126454 0.854757 0.041264 0.053332
1 0.141929 0.662853 0.046421 0.063811
1 0.135051 0.485234 0.039547 0.059049
1 0.135911 0.315234 0.034386 0.061902
1 0.123446 0.137138 0.031808 0.058094
0 0.056391 0.847614 0.049002 0.052381
0 0.063699 0.653806 0.037826 0.097143
0 0.066708 0.479519 0.040405 0.060954
0 0.061120 0.312378 0.048141 0.040951
0 0.061120 0.137616 0.048141 0.055238
19 0.178466 0.229044 0.028371 0.051430
19 0.252397 0.051901 0.035248 0.057143
19 0.136771 0.394282 0.039547 0.063808
19 0.207695 0.572376 0.043842 0.046668
19 0.196088 0.749044 0.036106 0.070479
19 0.129034 0.937138 0.048141 0.048570
20 0.313434 0.051425 0.057600 0.067619
20 0.234775 0.226663 0.042984 0.054283
20 0.197378 0.389519 0.043842 0.071430
20 0.273889 0.582378 0.055880 0.051427
20 0.260565 0.753329 0.036106 0.065713
21 0.376191 0.057140 0.050719 0.054287
