7 0.482250 0.068531 0.032339 0.074284
24 0.410406 0.661863 0.045410 0.074284
24 0.535751 0.907101 0.047276 0.094288
25 0.523310 0.184721 0.039811 0.059048
25 0.480078 0.437579 0.031725 0.073332
7 0.457994 0.313293 0.036081 0.080000
7 0.466081 0.553293 0.027370 0.081904
7 0.482560 0.786149 0.037954 0.079048
8 0.525798 0.075197 0.037324 0.068568
8 0.509935 0.319103 0.035456 0.076192
8 0.511491 0.534770 0.038568 0.105810
8 0.533885 0.790484 0.037322 0.076286
9 0.575874 0.078055 0.025505 0.072380
9 0.564987 0.318531 0.041055 0.086668
9 0.552236 0.554245 0.031725 0.085712
9 0.587071 0.791387 0.040436 0.093332
10 0.619605 0.075291 0.038568 0.080000
10 0.625326 0.327101 0.024883 0.075240
10 0.604177 0.568531 0.037324 0.068572
10 0.640567 0.782339 0.032969 0.071428
11 0.671670 0.069959 0.031725 0.073332
11 0.673537 0.327577 0.025505 0.078096
11 0.654252 0.567579 0.046654 0.110476
11 0.696864 0.792815 0.036078 0.086668
12 0.718324 0.066625 0.034213 0.057144
12 0.728588 0.331387 0.027370 0.074284
12 0.710548 0.568531 0.038568 0.112380
12 0.752850 0.783293 0.039814 0.084760
13 0.777109 0.069005 0.028616 0.061904
13 0.775247 0.344721 0.029852 0.081904
13 0.764357 0.571863 0.034213 0.084764
13 0.811634 0.776625 0.034215 0.065712
14 0.830607 0.062339 0.036081 0.056188
14 0.827184 0.344721 0.036702 0.080000
14 0.814122 0.568055 0.030482 0.086668
14 0.874150 0.792339 0.032347 0.074284
15 0.875706 0.062339 0.027992 0.065716
15 0.870418 0.343769 0.037324 0.081904
15 0.856110 0.573291 0.029860 0.076196
15 0.921737 0.789007 0.031725 0.065716
16 0.933867 0.064245 0.047276 0.065712
16 0.922048 0.357101 0.034834 0.093336
16 0.912407 0.579483 0.031725 0.067620
16 0.974613 0.785673 0.047900 0.066664
17 0.051790 0.167579 0.037322 0.091428
17 0.964348 0.353293 0.037324 0.097144
17 0.964660 0.569957 0.041679 0.079048
17 0.072007 0.881387 0.035456 0.090476
18 0.125815 0.167101 0.049766 0.073336
18 0.053346 0.390435 0.040433 0.072380
25 0.470747 0.665673 0.051631 0.076192
25 0.606044 0.919959 0.046032 0.081908
24 0.411650 0.431863 0.031725 0.077140
18 0.063610 0.635197 0.041058 0.081904
18 0.131414 0.886625 0.049766 0.081904
20 0.267645 0.896149 0.039811 0.072384
21 0.290847 0.174817 0.030482 0.067620
21 0.234364 0.404721 0.035456 0.076192
21 0.238409 0.641387 0.047276 0.069524
21 0.340113 0.888529 0.047898 0.060952
22 0.356474 0.186245 0.034834 0.065716
22 0.297813 0.426625 0.041677 0.080000
22 0.292838 0.647577 0.042923 0.057144
22 0.399209 0.902339 0.047898 0.065716
23 0.412770 0.181485 0.030479 0.050476
23 0.354111 0.434245 0.026126 0.080000
23 0.353177 0.663293 0.030482 0.080952
23 0.480076 0.907579 0.042920 0.087620
24 0.462223 0.181007 0.036078 0.066664
19 0.179934 0.173767 0.041055 0.086668
19 0.121772 0.414721 0.046654 0.086664
19 0.122394 0.643293 0.042923 0.079048
19 0.198285 0.894243 0.044164 0.051428
20 0.236728 0.190055 0.030479 0.079048
20 0.177136 0.398531 0.036702 0.084764
20 0.177136 0.635673 0.036702 0.084760
0 0.057077 0.048529 0.039190 0.078096
0 0.051790 0.290911 0.047276 0.067620
0 0.060189 0.519483 0.041677 0.067620
0 0.071385 0.763769 0.044167 0.078096
1 0.129548 0.054245 0.032347 0.083808
1 0.118661 0.300911 0.031725 0.078092
1 0.126748 0.531387 0.040433 0.081908
1 0.136390 0.772817 0.039814 0.079048
2 0.192375 0.060911 0.034837 0.059044
2 0.176512 0.303340 0.032969 0.061810
2 0.189266 0.536149 0.026126 0.060952
2 0.199218 0.778531 0.037324 0.071428
3 0.259247 0.070435 0.041679 0.070476
3 0.233431 0.311865 0.028616 0.058096
3 0.251161 0.544721 0.031725 0.081904
3 0.251161 0.775197 0.031725 0.081904
4 0.307455 0.071863 0.034834 0.084764
4 0.285684 0.306625 0.036078 0.080000
4 0.306834 0.550911 0.036078 0.096188
4 0.306523 0.779481 0.044167 0.100000
5 0.368728 0.066198 0.030479 0.071334
5 0.345401 0.315673 0.037322 0.063808
5 0.363751 0.544245 0.026748 0.075240
5 0.359088 0.783291 0.038568 0.088572
6 0.426144 0.068149 0.034837 0.069524
6 0.407607 0.311865 0.036081 0.061904
6 0.416627 0.558055 0.040436 0.072380
6 0.421603 0.788055 0.052875 0.073332
