0 0.269254 0.384342 0.093669 0.076313
0 0.461453 0.385533 0.109271 0.071540
0 0.776569 0.402225 0.171702 0.095388
0 0.848276 0.564983 0.127801 0.094193
0 0.530718 0.534872 0.142431 0.087637
0 0.261448 0.517289 0.124884 0.071540
1 0.226326 0.095199 0.091702 0.089426
1 0.466818 0.104737 0.120000 0.098967
1 0.759497 0.132458 0.080983 0.064983
1 0.811204 0.265999 0.137569 0.087637
1 0.488768 0.254973 0.111215 0.081074
1 0.239989 0.247819 0.146343 0.085847
2 0.302425 0.669011 0.115127 0.082870
2 0.554619 0.688984 0.114144 0.062005
2 0.839497 0.708957 0.121956 0.088825
2 0.363403 0.796891 0.112199 0.071540
2 0.619983 0.810604 0.129757 0.079885
2 0.891696 0.840709 0.163901 0.088832
