52 0.260231 0.204716 0.059184 0.078096
52 0.271843 0.405192 0.079414 0.079048
52 0.239628 0.618048 0.046450 0.080000
39 0.060363 0.495707 0.076418 0.076572
52 0.226893 0.816240 0.070424 0.057144
35 0.397332 0.938524 0.057689 0.060000
39 0.058565 0.719705 0.080015 0.097144
39 0.083737 0.948277 0.078215 0.097144
40 0.970176 0.144277 0.047649 0.066288
40 0.970177 0.365419 0.056639 0.076572
40 0.971075 0.605419 0.053042 0.074284
40 0.971075 0.828847 0.042255 0.068572
41 0.914885 0.151705 0.037759 0.062856
41 0.915335 0.371135 0.045852 0.085716
41 0.900502 0.596277 0.044952 0.083432
41 0.910392 0.832277 0.055739 0.073144
42 0.847459 0.155705 0.034163 0.073144
42 0.856450 0.380849 0.035959 0.102856
42 0.833075 0.604277 0.041356 0.078856
42 0.851505 0.831705 0.042255 0.097144
43 0.789832 0.160048 0.037759 0.081144
43 0.796215 0.377421 0.039559 0.089144
43 0.769245 0.598561 0.037759 0.088000
43 0.791720 0.835707 0.053942 0.091428
44 0.730136 0.164847 0.044052 0.068572
44 0.744073 0.364277 0.050345 0.076568
44 0.709009 0.599133 0.048549 0.073144
44 0.728788 0.827133 0.052142 0.056000
45 0.662620 0.162336 0.042255 0.072000
45 0.671700 0.380847 0.047649 0.075428
45 0.638885 0.613419 0.037759 0.058284
45 0.651472 0.832849 0.055739 0.072000
46 0.596181 0.177991 0.062035 0.053716
46 0.606971 0.380277 0.040456 0.060568
46 0.574605 0.608847 0.047649 0.076572
46 0.577302 0.839135 0.063829 0.084572
47 0.532351 0.181419 0.044052 0.074284
47 0.546286 0.389419 0.035962 0.083428
47 0.516618 0.607705 0.039559 0.074288
47 0.509875 0.837991 0.049446 0.091428
48 0.481466 0.178336 0.039559 0.056000
48 0.497289 0.391705 0.031466 0.056000
48 0.469868 0.614563 0.039556 0.076572
48 0.459080 0.830563 0.037759 0.076572
49 0.425367 0.185991 0.044052 0.053716
49 0.442898 0.398563 0.041356 0.060572
49 0.404689 0.601991 0.042255 0.085716
49 0.406038 0.834563 0.052145 0.068572
50 0.370032 0.191190 0.036052 0.070970
50 0.396958 0.400048 0.037457 0.066664
50 0.351257 0.612430 0.032964 0.078092
50 0.353505 0.823286 0.025472 0.044764
27 0.924775 0.951705 0.052145 0.053712
39 0.052267 0.297419 0.056627 0.075428
39 0.071149 0.077991 0.081811 0.068572
38 0.171392 0.953421 0.073721 0.070856
38 0.151614 0.703135 0.050345 0.114284
38 0.151164 0.485419 0.047646 0.076572
38 0.143074 0.291707 0.056639 0.068572
38 0.155659 0.095135 0.062035 0.061716
37 0.261295 0.932847 0.050345 0.068572
37 0.236572 0.713419 0.062032 0.075428
37 0.224884 0.485419 0.065628 0.083428
37 0.223985 0.288277 0.056639 0.068568
37 0.238369 0.097419 0.063832 0.077716
36 0.333666 0.943705 0.045852 0.037712
36 0.315237 0.721419 0.050345 0.066284
36 0.313438 0.485991 0.057536 0.073140
36 0.303100 0.284847 0.049446 0.068572
36 0.317933 0.094563 0.068325 0.053716
35 0.376819 0.717421 0.044052 0.056000
35 0.379965 0.499705 0.050345 0.064000
35 0.366480 0.291135 0.055742 0.074284
35 0.379875 0.098904 0.050345 0.048000
34 0.446943 0.944849 0.035060 0.081144
34 0.425817 0.735135 0.041353 0.073140
34 0.437952 0.511705 0.060235 0.069712
34 0.428514 0.301419 0.037759 0.083428
34 0.440650 0.100847 0.042253 0.068572
33 0.489647 0.932277 0.035962 0.078856
33 0.475711 0.716849 0.040456 0.070856
33 0.501784 0.500277 0.040456 0.062856
33 0.473464 0.284277 0.028769 0.074288
33 0.480208 0.092849 0.029669 0.066288
32 0.539544 0.939705 0.026073 0.041144
32 0.533250 0.731705 0.042255 0.045712
32 0.545836 0.507135 0.026070 0.053716
32 0.525608 0.288849 0.025173 0.058288
32 0.517428 0.088048 0.017980 0.037712
31 0.592585 0.937419 0.040456 0.084572
31 0.574605 0.721421 0.040456 0.105144
31 0.600228 0.515705 0.035962 0.102856
31 0.572357 0.292277 0.052145 0.094856
31 0.569210 0.088277 0.045852 0.086856
30 0.653270 0.927133 0.035962 0.064000
30 0.645179 0.737421 0.035959 0.086856
30 0.657765 0.505991 0.035959 0.097140
30 0.639334 0.286561 0.040456 0.088000
30 0.630344 0.084277 0.042255 0.076568
29 0.717550 0.927133 0.045852 0.064000
29 0.702267 0.739135 0.044052 0.074284
29 0.722046 0.505421 0.044052 0.064000
29 0.694626 0.279705 0.041356 0.062856
29 0.687433 0.081991 0.035962 0.062860
28 0.780032 0.936847 0.052145 0.060572
28 0.770592 0.724277 0.045852 0.049144
28 0.787673 0.497419 0.047649 0.061716
28 0.767447 0.274561 0.053942 0.064000
28 0.758904 0.084849 0.065628 0.064000
40 0.857348 0.936277 0.048549 0.073144
40 0.845212 0.736847 0.071022 0.076572
40 0.855550 0.492849 0.048546 0.045712
40 0.850605 0.272849 0.053042 0.058288
40 0.839369 0.071135 0.071922 0.045716
27 0.921179 0.737993 0.057538 0.056000
27 0.919382 0.508277 0.050345 0.051432
27 0.918482 0.281991 0.055739 0.046860
27 0.918482 0.076847 0.052145 0.068572
26 0.973832 0.931192 0.029968 0.076192
26 0.976081 0.724524 0.031466 0.080000
26 0.979077 0.488334 0.026972 0.081908
26 0.974956 0.265952 0.038209 0.082856
26 0.973832 0.042620 0.032964 0.059048
51 0.321665 0.198620 0.048700 0.063808
51 0.340768 0.415286 0.040456 0.070476
51 0.303309 0.611476 0.052441 0.059048
51 0.294694 0.810526 0.038206 0.093332
