25 0.592780 0.948559 0.038159 0.051523
2 0.180158 0.337655 0.032630 0.069523
2 0.204738 0.590513 0.041231 0.062854
2 0.213648 0.805275 0.036930 0.058092
3 0.259734 0.077180 0.035702 0.078096
3 0.247136 0.345752 0.043690 0.074285
3 0.259732 0.583846 0.030786 0.066665
3 0.276018 0.808609 0.038774 0.080000
4 0.323024 0.078132 0.039387 0.080000
4 0.305512 0.353371 0.031402 0.068569
4 0.311042 0.588130 0.031399 0.067619
4 0.328554 0.810036 0.039390 0.084762
5 0.390924 0.079084 0.036315 0.076188
5 0.358972 0.353846 0.027714 0.067619
5 0.365731 0.587655 0.032630 0.081908
5 0.383551 0.798130 0.027711 0.072381
6 0.456981 0.080988 0.038161 0.078096
6 0.406593 0.359559 0.027099 0.054285
6 0.425643 0.593846 0.035702 0.067619
6 0.435164 0.800996 0.038779 0.080012
7 0.519043 0.075275 0.039390 0.078092
7 0.453601 0.345749 0.026483 0.081904
7 0.475415 0.588132 0.034471 0.080954
7 0.491699 0.804798 0.031399 0.070477
8 0.569215 0.075084 0.034412 0.086665
8 0.504603 0.359561 0.052294 0.088573
8 0.526417 0.593846 0.038161 0.071427
8 0.548847 0.820038 0.051063 0.078096
9 0.620125 0.072417 0.040003 0.074285
9 0.558677 0.370036 0.028940 0.084762
9 0.574961 0.599084 0.036930 0.095234
9 0.598004 0.828132 0.036318 0.100000
10 0.669284 0.075275 0.038774 0.089523
10 0.622276 0.373846 0.051678 0.098096
10 0.625348 0.595752 0.047991 0.080954
10 0.653614 0.822894 0.049219 0.081908
11 0.724281 0.063846 0.032017 0.060950
11 0.692326 0.384323 0.036930 0.088573
11 0.680652 0.600036 0.035702 0.093331
11 0.705846 0.829084 0.036930 0.084766
12 0.781733 0.061465 0.042462 0.063812
12 0.749780 0.391942 0.031399 0.113335
12 0.729502 0.606703 0.033858 0.064766
12 0.762378 0.834798 0.036930 0.105715
13 0.843181 0.060988 0.028942 0.066665
0 0.044666 0.067655 0.049219 0.078092
13 0.802626 0.395275 0.030171 0.085715
13 0.777432 0.614323 0.028942 0.085711
13 0.818601 0.837655 0.028942 0.069523
14 0.898483 0.070990 0.033858 0.069523
14 0.847790 0.400036 0.036930 0.076192
14 0.827819 0.610511 0.031402 0.087619
14 0.863766 0.838132 0.029555 0.068569
15 0.945185 0.067655 0.022798 0.076192
15 0.908929 0.398132 0.035087 0.080000
15 0.880971 0.611467 0.020954 0.080000
15 0.908009 0.843369 0.023413 0.082858
16 0.053883 0.186655 0.062739 0.108669
16 0.957812 0.415275 0.049160 0.133331
16 0.933540 0.607180 0.039943 0.088573
16 0.955968 0.853846 0.035640 0.086665
17 0.127927 0.199561 0.047378 0.082858
17 0.058798 0.448609 0.038159 0.080000
17 0.982698 0.619561 0.031340 0.092381
17 0.077878 0.906703 0.050388 0.078096
18 0.179236 0.204275 0.039387 0.115331
18 0.120553 0.468084 0.044919 0.103904
18 0.067709 0.679513 0.043688 0.090569
18 0.146362 0.919513 0.042462 0.063908
25 0.512283 0.700467 0.051678 0.062000
25 0.538399 0.484275 0.038774 0.079146
25 0.639482 0.227132 0.046762 0.071523
24 0.531025 0.932371 0.033858 0.076285
24 0.447457 0.700465 0.028940 0.092473
24 0.474187 0.470942 0.022183 0.079142
24 0.573733 0.219988 0.033243 0.093427
23 0.478181 0.940942 0.041234 0.059142
23 0.390924 0.699036 0.044916 0.072477
0 0.052961 0.327655 0.044919 0.080000
0 0.065865 0.569561 0.057207 0.060950
0 0.068017 0.793371 0.061510 0.100954
1 0.122397 0.075277 0.032630 0.072381
1 0.120861 0.331465 0.035702 0.072381
1 0.140525 0.581467 0.034471 0.075238
1 0.146362 0.802894 0.042462 0.074285
2 0.197056 0.078132 0.036930 0.068569
23 0.519657 0.217130 0.036930 0.089619
22 0.408745 0.926180 0.054748 0.060096
22 0.328554 0.698561 0.045534 0.065812
22 0.358357 0.468084 0.042459 0.069619
22 0.444783 0.209371 0.057148 0.080954
21 0.341152 0.919036 0.043690 0.072477
21 0.270794 0.698561 0.039390 0.065812
21 0.289842 0.451894 0.047991 0.071523
21 0.369418 0.211419 0.042462 0.074381
20 0.278782 0.923323 0.050447 0.088665
20 0.206581 0.677132 0.028942 0.070569
20 0.229931 0.462371 0.024026 0.067715
20 0.315129 0.214130 0.046085 0.077142
19 0.211804 0.928561 0.039387 0.059142
19 0.148513 0.681419 0.047991 0.079142
19 0.181081 0.457609 0.038159 0.082954
19 0.252452 0.207465 0.042400 0.092381
23 0.425336 0.471419 0.036315 0.074381
