26 0.237510 0.949138 0.248980 0.066935
26 0.208060 0.049203 0.227560 0.064925
26 0.639120 0.043180 0.275760 0.070280
26 0.615020 0.146928 0.254360 0.056895
26 0.645810 0.238293 0.246300 0.078985
26 0.194670 0.140235 0.254340 0.070280
26 0.230810 0.238293 0.262380 0.078985
26 0.665890 0.347073 0.222220 0.075655
26 0.234840 0.341372 0.200800 0.066935
26 0.237510 0.451145 0.222220 0.078980
26 0.668570 0.439430 0.254340 0.062250
26 0.639120 0.542510 0.249000 0.083670
26 0.244200 0.545855 0.289160 0.070280
26 0.655180 0.637890 0.200800 0.056220
26 0.204040 0.639230 0.192760 0.073630
26 0.629750 0.741640 0.187420 0.066930
26 0.237510 0.742310 0.248980 0.072290
26 0.692670 0.838360 0.259700 0.056890
26 0.237510 0.846058 0.195460 0.065595
26 0.655190 0.947462 0.307900 0.056895
