27 0.280100 0.034883 0.347920 0.047758
27 0.287680 0.107710 0.273160 0.045365
27 0.715920 0.119171 0.261000 0.036773
27 0.619070 0.192715 0.290780 0.040592
27 0.246700 0.197969 0.280600 0.039638
27 0.622800 0.267931 0.323080 0.033431
27 0.211820 0.277960 0.236160 0.032473
27 0.621560 0.343623 0.360320 0.041546
27 0.206840 0.350785 0.261000 0.030085
27 0.246580 0.421225 0.256040 0.042027
27 0.758260 0.491904 0.285560 0.046800
27 0.721010 0.568073 0.384900 0.045369
27 0.696060 0.042285 0.261000 0.040592
27 0.245460 0.498350 0.218520 0.046323
27 0.239250 0.571177 0.315380 0.039162
27 0.264090 0.650450 0.404780 0.052531
27 0.264080 0.728771 0.240880 0.037250
27 0.278990 0.802790 0.260740 0.037250
27 0.251670 0.879438 0.305460 0.058738
27 0.245460 0.959906 0.278120 0.038204
