40 0.230600 0.960850 0.330480 0.029610
40 0.226820 0.155455 0.246480 0.031040
40 0.258300 0.050870 0.206320 0.036770
40 0.627930 0.048483 0.162380 0.031995
40 0.608830 0.147575 0.315180 0.046800
40 0.605000 0.252635 0.296080 0.037250
40 0.207680 0.256695 0.200560 0.031040
40 0.617420 0.353160 0.263600 0.025310
40 0.246840 0.352923 0.343840 0.043935
40 0.632700 0.450582 0.187200 0.035815
40 0.246840 0.459178 0.210120 0.036775
40 0.643200 0.556360 0.219680 0.042980
40 0.201950 0.547048 0.261700 0.059695
40 0.655620 0.651392 0.225400 0.051575
40 0.307010 0.650678 0.204380 0.040595
40 0.620290 0.742128 0.238780 0.043935
40 0.208630 0.748815 0.191020 0.038200
40 0.647980 0.853160 0.286520 0.046320
40 0.206730 0.858652 0.309460 0.052535
40 0.622190 0.959178 0.349580 0.040595
