28 0.203860 0.947240 0.257880 0.054920
28 0.260210 0.045378 0.271260 0.047755
28 0.618370 0.143992 0.196740 0.041545
28 0.607870 0.248815 0.290340 0.065900
28 0.221050 0.140890 0.177660 0.042980
28 0.651800 0.054928 0.252160 0.047755
28 0.214360 0.258365 0.305640 0.039160
28 0.625060 0.345998 0.343840 0.050145
28 0.168520 0.354592 0.263600 0.050145
28 0.614560 0.448910 0.429800 0.052530
28 0.215320 0.453927 0.299920 0.031995
28 0.686190 0.541795 0.229220 0.035820
28 0.234420 0.554928 0.452720 0.052535
28 0.609780 0.643755 0.210120 0.048710
28 0.208640 0.645188 0.305640 0.047755
28 0.616470 0.743563 0.292260 0.043935
28 0.220090 0.750725 0.309460 0.046800
28 0.630790 0.848625 0.320900 0.056350
28 0.210540 0.849818 0.271240 0.055875
28 0.659450 0.935778 0.309460 0.039635
