29 0.286000 0.621304 0.332760 0.028653
29 0.329930 0.023166 0.344220 0.035818
29 0.371960 0.073548 0.542880 0.038205
29 0.364310 0.125840 0.535260 0.026265
29 0.331840 0.173596 0.370960 0.031043
29 0.341390 0.220874 0.428260 0.025313
29 0.308920 0.274599 0.401520 0.024832
29 0.347130 0.322354 0.477940 0.029608
29 0.379600 0.370587 0.504680 0.033430
29 0.293640 0.419536 0.409160 0.035817
29 0.328020 0.470874 0.592560 0.038203
29 0.368140 0.519585 0.420640 0.042980
29 0.286000 0.571638 0.432080 0.039160
29 0.266890 0.674074 0.447380 0.035817
29 0.251610 0.720396 0.439740 0.031043
29 0.335660 0.775076 0.294560 0.033428
29 0.282180 0.824743 0.363320 0.043935
29 0.358590 0.870110 0.554340 0.032475
29 0.343300 0.922641 0.562000 0.032473
29 0.295540 0.967292 0.466480 0.031040
