30 0.313790 0.026962 0.591580 0.035818
30 0.418250 0.968213 0.718620 0.038968
30 0.287590 0.921508 0.457300 0.048711
30 0.328960 0.868787 0.522640 0.054442
30 0.296370 0.816026 0.464580 0.035816
30 0.296370 0.763733 0.464580 0.052529
30 0.287300 0.710486 0.373840 0.046324
30 0.272780 0.658671 0.417400 0.042979
30 0.301810 0.601366 0.489980 0.052532
30 0.777270 0.605424 0.373820 0.041547
30 0.495990 0.551221 0.827500 0.038205
30 0.241930 0.500362 0.428260 0.046324
30 0.419770 0.449741 0.798460 0.035818
30 0.223790 0.394107 0.391980 0.051576
30 0.492360 0.343963 0.834760 0.042026
30 0.338100 0.285941 0.562560 0.026266
30 0.354490 0.240572 0.674980 0.040592
30 0.347180 0.132645 0.580720 0.034863
30 0.528660 0.080830 0.907360 0.038203
