31 0.329740 0.137258 0.453880 0.050428
31 0.307050 0.026943 0.391980 0.049858
31 0.385440 0.079951 0.565280 0.038969
31 0.344180 0.194565 0.358960 0.052719
31 0.307040 0.247574 0.433240 0.047564
31 0.385440 0.304021 0.590040 0.040114
31 0.354490 0.360756 0.420860 0.052722
31 0.340050 0.418061 0.391980 0.052722
31 0.406070 0.470210 0.590020 0.040114
31 0.385440 0.525511 0.647800 0.038394
31 0.395760 0.579093 0.627160 0.040114
31 0.395750 0.640697 0.668420 0.042978
31 0.426700 0.689694 0.606520 0.040117
31 0.313240 0.749579 0.379600 0.054442
31 0.410190 0.804307 0.639540 0.040114
31 0.342120 0.862187 0.462120 0.046992
31 0.368940 0.912331 0.515760 0.038394
31 0.294670 0.973075 0.391980 0.048711
