32 0.607190 0.027827 0.231060 0.028653
32 0.230100 0.974016 0.397320 0.037250
32 0.257610 0.906680 0.342300 0.033428
32 0.699250 0.907634 0.357580 0.033431
32 0.282060 0.839105 0.305640 0.031997
32 0.240800 0.779411 0.284240 0.034859
32 0.780250 0.842686 0.275060 0.029609
32 0.729820 0.769381 0.223120 0.050144
32 0.347780 0.714941 0.418720 0.044412
32 0.304990 0.651378 0.352100 0.025787
32 0.304610 0.586852 0.396100 0.037247
32 0.295450 0.521522 0.561140 0.047563
32 0.295450 0.462209 0.539140 0.051575
32 0.291780 0.399745 0.311760 0.029797
32 0.244100 0.340434 0.275080 0.037250
32 0.277110 0.276248 0.209060 0.030372
32 0.326620 0.212641 0.293400 0.037250
32 0.203760 0.026108 0.209040 0.028653
32 0.280780 0.085133 0.275080 0.045847
32 0.267940 0.153612 0.322760 0.037250
