33 0.195640 0.047575 0.118440 0.048710
33 0.635680 0.446467 0.238920 0.043775
33 0.182000 0.438507 0.238920 0.047755
33 0.629310 0.539790 0.299420 0.065660
33 0.177230 0.547350 0.302620 0.070440
33 0.578380 0.647835 0.429960 0.056510
33 0.197130 0.644852 0.199140 0.042585
33 0.609420 0.747325 0.266000 0.042980
33 0.583950 0.843435 0.167300 0.045770
33 0.231350 0.748320 0.283500 0.066460
33 0.209860 0.848407 0.167320 0.051735
33 0.590100 0.241700 0.200560 0.050140
33 0.231930 0.255547 0.152820 0.046325
33 0.593920 0.343895 0.242600 0.060650
33 0.195960 0.348193 0.187200 0.045365
33 0.219520 0.153113 0.215840 0.047755
33 0.593920 0.148575 0.162360 0.054920
33 0.627360 0.045187 0.171920 0.043935
