34 0.586700 0.249770 0.187960 0.052720
34 0.627730 0.045760 0.229220 0.068770
34 0.195870 0.047190 0.153580 0.060170
34 0.602750 0.152350 0.256740 0.058450
34 0.225550 0.150917 0.245500 0.049855
34 0.193580 0.252635 0.240680 0.061890
34 0.590140 0.353780 0.286520 0.048710
34 0.211800 0.357793 0.309680 0.054445
34 0.603770 0.450345 0.305100 0.044700
34 0.199200 0.455502 0.183600 0.051575
34 0.617650 0.546905 0.240700 0.042980
34 0.195750 0.552638 0.245500 0.031515
34 0.606080 0.658653 0.263840 0.060175
34 0.211800 0.655215 0.286760 0.049860
34 0.609620 0.749485 0.247560 0.041260
34 0.222230 0.753783 0.297980 0.053295
34 0.582120 0.847765 0.275080 0.054440
34 0.209620 0.852062 0.194840 0.063035
34 0.583260 0.945185 0.240680 0.065900
34 0.209620 0.948050 0.217760 0.060170
