35 0.605040 0.145473 0.252160 0.051575
35 0.190140 0.144040 0.187960 0.048710
35 0.593580 0.245760 0.275080 0.068770
35 0.208470 0.245473 0.183380 0.065905
35 0.607340 0.350917 0.165040 0.055585
35 0.221080 0.344612 0.217760 0.065905
35 0.605040 0.448337 0.275080 0.059025
35 0.201600 0.452062 0.224640 0.051575
35 0.634820 0.550342 0.297960 0.049855
35 0.165960 0.546905 0.218000 0.060170
35 0.568370 0.649483 0.183380 0.055585
35 0.232550 0.646617 0.176500 0.044125
35 0.587850 0.739743 0.190260 0.073355
35 0.208370 0.753495 0.201940 0.051580
35 0.598050 0.844898 0.256980 0.071635
35 0.206070 0.845473 0.229460 0.067045
35 0.219830 0.943753 0.224860 0.057305
35 0.592310 0.947190 0.245500 0.052720
35 0.610770 0.052350 0.194860 0.048710
35 0.213070 0.043752 0.279660 0.060175
