36 0.196910 0.048913 0.371580 0.053295
36 0.594730 0.051777 0.401140 0.041835
36 0.193460 0.148338 0.332600 0.057305
36 0.225670 0.948052 0.286540 0.053295
36 0.586700 0.954355 0.389680 0.031520
36 0.216500 0.848338 0.281960 0.048715
36 0.580970 0.850630 0.309460 0.049860
36 0.207330 0.752635 0.332380 0.037250
36 0.594720 0.749482 0.396560 0.040115
36 0.224530 0.654355 0.229220 0.038970
36 0.597010 0.647765 0.378220 0.042980
36 0.216500 0.549770 0.359880 0.049860
36 0.597010 0.547763 0.378220 0.045845
36 0.207330 0.449770 0.263620 0.046990
36 0.602750 0.454640 0.275060 0.048710
36 0.158050 0.387305 0.155860 0.022920
36 0.171800 0.356648 0.114600 0.021205
36 0.166080 0.309655 0.171920 0.013180
36 0.516790 0.354355 0.286540 0.042980
36 0.214210 0.248050 0.245260 0.046990
36 0.600350 0.248050 0.252380 0.038970
36 0.600460 0.144900 0.366760 0.038970
