37 0.469340 0.921389 0.344280 0.028653
37 0.476220 0.026260 0.550600 0.034385
37 0.547280 0.074971 0.619360 0.028652
37 0.345560 0.127120 0.399320 0.044700
37 0.448710 0.172106 0.358060 0.031518
37 0.467040 0.226832 0.504760 0.040115
37 0.379940 0.279555 0.422240 0.045845
37 0.528930 0.327692 0.426820 0.035530
37 0.485390 0.374397 0.413060 0.037250
37 0.471630 0.420816 0.596460 0.038397
37 0.512890 0.483567 0.633140 0.040115
37 0.510600 0.528839 0.445160 0.034382
37 0.503720 0.577838 0.596440 0.042980
37 0.533520 0.626548 0.518520 0.037250
37 0.446410 0.670099 0.390140 0.030372
37 0.453290 0.721675 0.495580 0.038395
37 0.526640 0.772679 0.458920 0.037248
37 0.395980 0.825688 0.445160 0.045845
37 0.522060 0.876977 0.422240 0.042980
37 0.471630 0.974398 0.642300 0.031520
