38 0.476220 0.224311 0.458920 0.021202
38 0.400570 0.028266 0.390140 0.032662
38 0.327210 0.068381 0.307620 0.030372
38 0.489970 0.116002 0.413060 0.031520
38 0.414330 0.173566 0.426820 0.040058
38 0.480800 0.266949 0.633120 0.033237
38 0.457880 0.326576 0.697320 0.040058
38 0.313460 0.371877 0.619360 0.035530
38 0.462460 0.424025 0.504760 0.034385
38 0.382240 0.472679 0.527680 0.040113
38 0.451000 0.523166 0.527680 0.034382
38 0.416610 0.575315 0.367220 0.033240
38 0.359310 0.628552 0.527660 0.038970
38 0.350140 0.674397 0.573520 0.041260
38 0.561030 0.724541 0.445140 0.024642
38 0.561030 0.769813 0.353460 0.048710
38 0.384520 0.823395 0.504760 0.038970
38 0.471630 0.875544 0.495580 0.028653
38 0.425790 0.927980 0.559780 0.041835
38 0.448710 0.974685 0.495580 0.040115
