39 0.448700 0.978981 0.587280 0.030373
39 0.444120 0.918811 0.504760 0.036102
39 0.453290 0.874398 0.458900 0.035530
39 0.494560 0.824827 0.587280 0.048710
39 0.464760 0.775544 0.481840 0.036103
39 0.542690 0.723681 0.380980 0.029798
39 0.467040 0.674397 0.596440 0.040115
39 0.464750 0.626548 0.435980 0.026935
39 0.478510 0.575830 0.711060 0.034385
39 0.334100 0.518008 0.541440 0.035530
39 0.318050 0.474397 0.344300 0.040115
39 0.506020 0.421389 0.491000 0.031517
39 0.379940 0.378695 0.605600 0.040115
39 0.386820 0.330300 0.527680 0.030430
39 0.432670 0.274455 0.390140 0.046990
39 0.460170 0.224311 0.674380 0.036103
39 0.487680 0.164370 0.527680 0.041260
39 0.395980 0.120530 0.481840 0.037250
39 0.407450 0.068381 0.458900 0.041832
39 0.432660 0.023109 0.436000 0.031517
