41 0.718660 0.048243 0.282720 0.080225
41 0.288860 0.044660 0.500480 0.089300
41 0.444540 0.144947 0.257880 0.074975
41 0.159930 0.147335 0.292260 0.087390
41 0.706250 0.244040 0.276980 0.082140
41 0.253530 0.244755 0.448900 0.083570
41 0.419710 0.352205 0.659020 0.074020
41 0.728210 0.438643 0.263620 0.073065
41 0.296510 0.448195 0.496660 0.092170
41 0.584940 0.544183 0.538680 0.083575
41 0.162790 0.547285 0.267420 0.082140
41 0.713880 0.650200 0.234960 0.088350
41 0.245890 0.649723 0.464180 0.079755
41 0.570620 0.747142 0.299920 0.078795
41 0.161830 0.747620 0.200580 0.079750
41 0.495170 0.853878 0.267420 0.082135
41 0.150160 0.849343 0.262120 0.083575
41 0.686190 0.948435 0.267420 0.076410
41 0.265940 0.951538 0.439360 0.082615
