42 0.211160 0.028169 0.305640 0.052531
42 0.405230 0.089058 0.681580 0.045366
42 0.293670 0.154005 0.550140 0.046322
42 0.730730 0.216088 0.519580 0.044413
42 0.234080 0.220384 0.351480 0.054919
42 0.244770 0.278886 0.421780 0.042978
42 0.420520 0.340969 0.681560 0.052531
42 0.328820 0.409019 0.479840 0.054919
42 0.211160 0.469192 0.397320 0.058741
42 0.301310 0.531273 0.473740 0.058741
42 0.654330 0.586431 0.519580 0.032475
42 0.221850 0.594550 0.259780 0.056350
42 0.205040 0.655916 0.330080 0.054919
42 0.385360 0.718714 0.641840 0.051578
42 0.250890 0.783661 0.452340 0.047753
42 0.720040 0.846937 0.351480 0.050144
42 0.258530 0.842878 0.467620 0.061125
42 0.747550 0.907587 0.204780 0.055875
42 0.215740 0.907587 0.290360 0.055875
42 0.373140 0.968475 0.495120 0.053487
