43 0.755240 0.057544 0.192560 0.096944
43 0.447510 0.060650 0.240700 0.105067
43 0.151810 0.049189 0.137540 0.075456
43 0.572150 0.166189 0.489980 0.070678
43 0.144930 0.164519 0.237260 0.083572
43 0.590200 0.274833 0.223480 0.094078
43 0.220580 0.281042 0.429800 0.083572
43 0.750950 0.392311 0.252740 0.088344
43 0.453520 0.389208 0.266480 0.089783
43 0.150090 0.391597 0.209740 0.106017
43 0.511120 0.508117 0.398840 0.071633
43 0.160400 0.497853 0.240680 0.084528
43 0.751800 0.608406 0.278520 0.090733
43 0.466420 0.611747 0.257880 0.100283
43 0.144030 0.613183 0.242340 0.095511
43 0.511120 0.721583 0.192560 0.095511
43 0.195640 0.725169 0.335240 0.083572
43 0.556680 0.834528 0.404000 0.074978
43 0.167280 0.827364 0.288840 0.070206
43 0.179310 0.939828 0.312900 0.085956
