44 0.646520 0.040615 0.454440 0.076408
44 0.198280 0.039658 0.367520 0.076408
44 0.682520 0.115113 0.451960 0.066858
44 0.231810 0.115590 0.409740 0.065904
44 0.676310 0.190806 0.429620 0.060650
44 0.204480 0.184837 0.365040 0.065904
44 0.744600 0.265540 0.402280 0.066858
44 0.272780 0.261721 0.491680 0.071635
44 0.576980 0.344338 0.429600 0.076408
44 0.179650 0.340758 0.315380 0.069246
44 0.680040 0.418360 0.422160 0.066858
44 0.226830 0.427673 0.409740 0.088346
44 0.704870 0.495246 0.422140 0.072585
44 0.238010 0.507902 0.446980 0.074019
44 0.378310 0.579296 0.677940 0.071631
44 0.717280 0.646869 0.422160 0.053962
44 0.275260 0.646154 0.422160 0.062085
44 0.645270 0.730919 0.466860 0.074023
44 0.200760 0.734023 0.372480 0.086915
44 0.661410 0.810910 0.459420 0.071635
44 0.223110 0.809238 0.377460 0.063515
44 0.651480 0.884454 0.514040 0.063038
44 0.198280 0.886840 0.327800 0.067812
44 0.229320 0.959669 0.340200 0.063515
