45 0.561060 0.033195 0.355680 0.034860
45 0.599280 0.077846 0.370960 0.033427
45 0.566800 0.129423 0.306000 0.052530
45 0.471290 0.181236 0.344220 0.041547
45 0.520950 0.226128 0.267820 0.026265
45 0.570620 0.275554 0.420640 0.042023
45 0.459830 0.324026 0.412980 0.045368
45 0.511400 0.378706 0.401520 0.028653
45 0.536240 0.422401 0.466480 0.049188
45 0.503760 0.481141 0.401520 0.036772
45 0.612640 0.524121 0.451200 0.039638
45 0.492300 0.569489 0.363320 0.030087
45 0.580170 0.624646 0.325100 0.051577
45 0.413980 0.677894 0.374800 0.035817
45 0.505670 0.721829 0.191420 0.035817
45 0.627930 0.774360 0.382420 0.040590
45 0.446640 0.827751 0.215480 0.030372
45 0.397130 0.877836 0.435540 0.041262
45 0.509460 0.923682 0.366760 0.035530
45 0.630940 0.966087 0.353000 0.045845
