46 0.580920 0.024545 0.405480 0.028653
46 0.526480 0.076122 0.427240 0.045845
46 0.759490 0.125118 0.414180 0.037247
46 0.565680 0.182999 0.479520 0.041834
46 0.641900 0.234574 0.370640 0.038395
46 0.559140 0.288155 0.318360 0.028653
46 0.628830 0.340305 0.414180 0.050432
46 0.563490 0.394174 0.457740 0.040116
46 0.672380 0.452053 0.414200 0.038968
46 0.513420 0.497897 0.401120 0.029800
46 0.546080 0.555205 0.579680 0.035532
46 0.441550 0.611938 0.501300 0.045845
46 0.593980 0.655778 0.327080 0.030371
46 0.524300 0.715089 0.379360 0.040116
46 0.633180 0.763228 0.510000 0.038971
46 0.426310 0.818242 0.488220 0.034384
46 0.476390 0.871538 0.414180 0.045845
46 0.421960 0.917950 0.479520 0.035521
46 0.376220 0.977313 0.327080 0.033900
