47 0.644700 0.026834 0.298000 0.029798
47 0.610320 0.072105 0.366760 0.040115
47 0.727220 0.116232 0.298000 0.040115
47 0.589680 0.174399 0.252160 0.036102
47 0.628650 0.227980 0.311740 0.040115
47 0.594260 0.284426 0.307160 0.036103
47 0.601140 0.327406 0.320920 0.026933
47 0.553010 0.378123 0.252140 0.034385
47 0.536960 0.426260 0.330080 0.029800
47 0.697420 0.472679 0.357600 0.040113
47 0.747850 0.524255 0.412620 0.034385
47 0.690540 0.574398 0.435520 0.031520
47 0.475070 0.623395 0.435540 0.034385
47 0.617190 0.671246 0.380500 0.036102
47 0.532380 0.721102 0.320920 0.031520
47 0.536960 0.770100 0.357600 0.038970
47 0.702000 0.820242 0.275080 0.044125
47 0.672200 0.871819 0.261320 0.036102
47 0.598850 0.918237 0.252140 0.042980
47 0.692830 0.966375 0.275060 0.041835
