48 0.605960 0.021905 0.458920 0.021775
48 0.576160 0.070616 0.564360 0.024068
48 0.610540 0.122191 0.495600 0.038968
48 0.599080 0.170043 0.353480 0.042980
48 0.569280 0.220185 0.413080 0.045845
48 0.553230 0.271189 0.426820 0.035532
48 0.562410 0.332221 0.353460 0.025788
48 0.573870 0.375774 0.403900 0.041832
48 0.573870 0.423051 0.358060 0.044697
48 0.578450 0.472621 0.458900 0.025787
48 0.585330 0.522765 0.353460 0.034385
48 0.608250 0.572908 0.445140 0.054440
48 0.578450 0.628496 0.413060 0.025788
48 0.631170 0.678639 0.380980 0.034383
48 0.573870 0.724770 0.449740 0.042980
48 0.592210 0.773481 0.413060 0.037248
48 0.589910 0.822191 0.344300 0.025788
48 0.601370 0.870903 0.321380 0.037250
48 0.612240 0.923304 0.303120 0.024067
48 0.590240 0.973160 0.402160 0.041260
