49 0.645530 0.041725 0.302580 0.037820
49 0.231540 0.045165 0.261320 0.044700
49 0.593260 0.141440 0.269560 0.065330
49 0.215040 0.147285 0.255800 0.046760
49 0.634520 0.240808 0.297080 0.048135
49 0.243920 0.246655 0.247560 0.050200
49 0.657900 0.345678 0.343840 0.058455
49 0.231550 0.348087 0.288820 0.039885
49 0.630390 0.446082 0.288820 0.043325
49 0.242550 0.444362 0.266820 0.039885
49 0.590510 0.536168 0.275060 0.051575
49 0.228790 0.535480 0.255820 0.059830
49 0.561620 0.641037 0.261320 0.055015
49 0.206790 0.644475 0.255820 0.061890
49 0.667530 0.742470 0.253060 0.065330
49 0.245300 0.741783 0.316320 0.036445
49 0.642780 0.841495 0.247560 0.070830
49 0.220540 0.839090 0.200800 0.068770
49 0.646900 0.942930 0.255800 0.053640
49 0.245300 0.945337 0.316320 0.051575
