50 0.239630 0.030050 0.371340 0.043322
50 0.417870 0.081626 0.559500 0.046075
50 0.524330 0.136640 0.445620 0.046075
50 0.462440 0.194061 0.569400 0.041261
50 0.479770 0.244261 0.534740 0.034383
50 0.393120 0.300650 0.410960 0.041261
50 0.442630 0.357385 0.480260 0.044697
50 0.455010 0.411711 0.584260 0.043322
50 0.363410 0.472571 0.371340 0.041258
50 0.390640 0.527929 0.495120 0.044697
50 0.279240 0.581913 0.321840 0.035758
50 0.338650 0.633488 0.420860 0.039886
50 0.477290 0.685408 0.371340 0.046072
50 0.308940 0.745235 0.410960 0.039197
50 0.395600 0.800250 0.386200 0.039200
50 0.343610 0.853203 0.509980 0.050200
50 0.252010 0.917156 0.396100 0.039200
50 0.370830 0.966325 0.554540 0.041261
