51 0.616640 0.054102 0.261320 0.063955
51 0.210910 0.052385 0.192540 0.067390
51 0.620760 0.153127 0.225560 0.072205
51 0.249420 0.155537 0.214560 0.060515
51 0.623520 0.254563 0.302560 0.055015
51 0.219160 0.245965 0.247560 0.058450
51 0.607020 0.352558 0.187040 0.058455
51 0.205410 0.354962 0.192540 0.060515
51 0.607010 0.446080 0.198060 0.050200
51 0.217790 0.458115 0.206300 0.063270
51 0.594630 0.556108 0.228300 0.066705
51 0.197160 0.551640 0.220040 0.048140
51 0.589140 0.657885 0.178800 0.044700
51 0.206790 0.652040 0.228300 0.074270
51 0.598770 0.744878 0.253060 0.053635
51 0.223290 0.755190 0.261300 0.056390
51 0.591890 0.852497 0.239300 0.051575
51 0.165530 0.858000 0.228300 0.058450
51 0.633150 0.953245 0.321820 0.067390
51 0.226040 0.953588 0.200800 0.057075
