52 0.724250 0.025221 0.324020 0.032321
52 0.227750 0.026253 0.407660 0.034384
52 0.306140 0.080237 0.376280 0.050200
52 0.423730 0.128374 0.747380 0.022695
52 0.306140 0.184420 0.428560 0.041261
52 0.319210 0.232557 0.433780 0.041261
52 0.340120 0.290666 0.444240 0.051574
52 0.449870 0.339147 0.402420 0.034384
52 0.350570 0.389691 0.496500 0.029571
52 0.376690 0.445737 0.496500 0.034384
52 0.350560 0.502126 0.444240 0.048137
52 0.470770 0.550609 0.496500 0.030945
52 0.266940 0.603904 0.381520 0.027508
52 0.293070 0.659605 0.433780 0.035758
52 0.240810 0.710150 0.350180 0.044700
52 0.280010 0.761038 0.303140 0.039197
52 0.280010 0.816053 0.407660 0.032321
52 0.280010 0.869347 0.407660 0.033011
52 0.345340 0.914047 0.538320 0.046763
52 0.293070 0.972500 0.433780 0.035758
